      i          j        RA          k  l     Dec        m n         mag        
        1          15      2.0949e+00   0. 0. 	 2.9093e+01 0. 0.      2.0600e+00
        2          21      2.2801e+00   0. 0. 	 5.9152e+01 0. 0.      2.2700e+00
        3          25      2.3502e+00   0. 0. 	-4.5745e+01 0. 0.      3.8800e+00
        4          39      3.3090e+00   0. 0. 	 1.5184e+01 0. 0.      2.8300e+00
        5          48      3.6606e+00   0. 0. 	-1.8931e+01 0. 0.      4.4400e+00
        6          74      4.8569e+00   0. 0. 	-8.8233e+00 0. 0.      3.5600e+00
        7          77      4.9617e+00   0. 0. 	-6.4891e+01 0. 0.      4.2300e+00
        8          98      6.2983e+00   0. 0. 	-7.7259e+01 0. 0.      2.8000e+00
        9          99      6.5671e+00   0. 0. 	-4.2300e+01 0. 0.      2.3900e+00
       10         100      6.5486e+00   0. 0. 	-4.3680e+01 0. 0.      3.9400e+00
       11         126      7.8836e+00   0. 0. 	-6.2957e+01 0. 0.      4.3700e+00
       12         130      8.2495e+00   0. 0. 	 6.2932e+01 0. 0.      4.1600e+00
       13         153      9.2422e+00   0. 0. 	 5.3897e+01 0. 0.      3.6600e+00
       14         154      9.2199e+00   0. 0. 	 3.3719e+01 0. 0.      4.3600e+00
       15         163      9.6425e+00   0. 0. 	 2.9315e+01 0. 0.      4.3700e+00
       16         165      9.8300e+00   0. 0. 	 3.0862e+01 0. 0.      3.2700e+00
       17         168      1.0125e+01   0. 0. 	 5.6538e+01 0. 0.      2.2300e+00
       18         188      1.0894e+01   0. 0. 	-1.7987e+01 0. 0.      2.0400e+00
       19         191      1.0839e+01   0. 0. 	-5.7463e+01 0. 0.      4.3600e+00
       20         215      1.1836e+01   0. 0. 	 2.4268e+01 0. 0.      4.0600e+00
       21         219      1.2246e+01   0. 0. 	 5.7823e+01 0. 0.      3.4400e+00
       22         224      1.2170e+01   0. 0. 	 7.5857e+00 0. 0.      4.4300e+00
       23         264      1.4176e+01   0. 0. 	 6.0717e+01 0. 0.      2.4700e+00
       24         269      1.4186e+01   0. 0. 	 3.8499e+01 0. 0.      3.8700e+00
       25         271      1.4302e+01   0. 0. 	 2.3418e+01 0. 0.      4.4200e+00
       26         280      1.4651e+01   0. 0. 	-2.9357e+01 0. 0.      4.3100e+00
       27         285      1.7169e+01   0. 0. 	 8.6257e+01 0. 0.      4.2500e+00
       28         294      1.5737e+01   0. 0. 	 7.8896e+00 0. 0.      4.2800e+00
       29         322      1.6521e+01   0. 0. 	-4.6718e+01 0. 0.      3.3100e+00
       30         334      1.7144e+01   0. 0. 	-1.0184e+01 0. 0.      3.4500e+00
       31         335      1.7376e+01   0. 0. 	 4.7242e+01 0. 0.      4.2500e+00
       32         337      1.7430e+01   0. 0. 	 3.5622e+01 0. 0.      2.0600e+00
       33         338      1.7096e+01   0. 0. 	-5.5245e+01 0. 0.      3.9200e+00
       34         343      1.7770e+01   0. 0. 	 5.5150e+01 0. 0.      4.3300e+00
       35         402      2.1007e+01   0. 0. 	-8.1861e+00 0. 0.      3.6000e+00
       36         403      2.1445e+01   0. 0. 	 6.0236e+01 0. 0.      2.6800e+00
       37         424      3.7902e+01   0. 0. 	 8.9264e+01 0. 0.      2.0200e+00
       38         429      2.2092e+01   0. 0. 	-4.3321e+01 0. 0.      3.4100e+00
       39         437      2.2870e+01   0. 0. 	 1.5346e+01 0. 0.      3.6200e+00
       40         440      2.2810e+01   0. 0. 	-4.9070e+01 0. 0.      3.9500e+00
       41         458      2.4203e+01   0. 0. 	 4.1411e+01 0. 0.      4.0900e+00
       42         464      2.4497e+01   0. 0. 	 4.8630e+01 0. 0.      3.5700e+00
       43         472      2.4426e+01   0. 0. 	-5.7236e+01 0. 0.      4.6000e-01
       44         489      2.5358e+01   0. 0. 	 5.4875e+00 0. 0.      4.4400e+00
       45         496      2.5914e+01   0. 0. 	 5.0689e+01 0. 0.      4.0700e+00
       46         509      2.6042e+01   0. 0. 	-1.5949e+01 0. 0.      3.5000e+00
       47         510      2.6347e+01   0. 0. 	 9.1568e+00 0. 0.      4.2600e+00
       48         539      2.7865e+01   0. 0. 	-1.0334e+01 0. 0.      3.7300e+00
       49         542      2.8598e+01   0. 0. 	 6.3670e+01 0. 0.      3.3800e+00
       50         544      2.8270e+01   0. 0. 	 2.9582e+01 0. 0.      3.4100e+00
       51         553      2.8659e+01   0. 0. 	 2.0809e+01 0. 0.      2.6400e+00
       52         555      2.8413e+01   0. 0. 	-4.6301e+01 0. 0.      4.4100e+00
       53         566      2.8974e+01   0. 0. 	-5.1613e+01 0. 0.      3.7000e+00
       54         580      3.0860e+01   0. 0. 	 7.2421e+01 0. 0.      3.9800e+00
       55         585      2.9999e+01   0. 0. 	-2.1077e+01 0. 0.      4.0000e+00
       56         591      2.9685e+01   0. 0. 	-6.1570e+01 0. 0.      2.8600e+00
       57         596      3.0511e+01   0. 0. 	 2.7636e+00 0. 0.      4.3300e+00
       58         603      3.0974e+01   0. 0. 	 4.2330e+01 0. 0.      2.2600e+00
       59         617      3.1790e+01   0. 0. 	 2.3464e+01 0. 0.      2.0000e+00
       60         622      3.2383e+01   0. 0. 	 3.4988e+01 0. 0.      3.0000e+00
       61         649      3.3250e+01   0. 0. 	 8.8468e+00 0. 0.      4.3700e+00
       62         664      3.4328e+01   0. 0. 	 3.3848e+01 0. 0.      4.0100e+00
       63         674      3.4125e+01   0. 0. 	-5.1512e+01 0. 0.      3.5600e+00
       64         681      3.4836e+01   0. 0. 	-2.9742e+00 0. 0.      3.0400e+00
       65         705      3.5440e+01   0. 0. 	-6.8659e+01 0. 0.      4.0900e+00
       66         718      3.7039e+01   0. 0. 	 8.4601e+00 0. 0.      4.2800e+00
       67         721      3.6746e+01   0. 0. 	-4.7704e+01 0. 0.      4.2500e+00
       68         779      3.9870e+01   0. 0. 	 3.2875e-01 0. 0.      4.0700e+00
       69         794      4.0164e+01   0. 0. 	-3.9855e+01 0. 0.      4.1100e+00
       70         799      4.1043e+01   0. 0. 	 4.9230e+01 0. 0.      4.1200e+00
       71         804      4.0827e+01   0. 0. 	 3.2377e+00 0. 0.      3.4700e+00
       72         806      3.9894e+01   0. 0. 	-6.8267e+01 0. 0.      4.1100e+00
       73         811      4.1030e+01   0. 0. 	-1.3858e+01 0. 0.      4.2500e+00
       74         813      4.1232e+01   0. 0. 	 1.0114e+01 0. 0.      4.2700e+00
       75         818      4.1271e+01   0. 0. 	-1.8573e+01 0. 0.      4.4700e+00
       76         834      4.2674e+01   0. 0. 	 5.5896e+01 0. 0.      3.7600e+00
       77         838      4.2495e+01   0. 0. 	 2.7262e+01 0. 0.      3.6300e+00
       78         840      4.2642e+01   0. 0. 	 3.8320e+01 0. 0.      4.2300e+00
       79         841      4.2271e+01   0. 0. 	-3.2408e+01 0. 0.      4.4600e+00
       80         854      4.3564e+01   0. 0. 	 5.2763e+01 0. 0.      3.9500e+00
       81         868      4.3467e+01   0. 0. 	-4.9891e+01 0. 0.      4.0000e+00
       82         874      4.4106e+01   0. 0. 	-8.8950e+00 0. 0.      3.8900e+00
       83         897      4.4566e+01   0. 0. 	-4.0305e+01 0. 0.      3.4200e+00
       84         898      4.4569e+01   0. 0. 	-4.0305e+01 0. 0.      4.4200e+00
       85         911      4.5570e+01   0. 0. 	 4.0907e+00 0. 0.      2.5300e+00
       86         915      4.6199e+01   0. 0. 	 5.3507e+01 0. 0.      2.9300e+00
       87         919      4.5600e+01   0. 0. 	-2.3623e+01 0. 0.      4.0900e+00
       88         921      4.6292e+01   0. 0. 	 3.8842e+01 0. 0.      3.3900e+00
       89         936      4.7042e+01   0. 0. 	 4.0956e+01 0. 0.      2.1200e+00
       90         937      4.7240e+01   0. 0. 	 4.9614e+01 0. 0.      4.0500e+00
       91         941      4.7370e+01   0. 0. 	 4.4859e+01 0. 0.      3.8000e+00
       92         951      4.7905e+01   0. 0. 	 1.9727e+01 0. 0.      4.3500e+00
       93         963      4.8012e+01   0. 0. 	-2.8996e+01 0. 0.      3.8700e+00
       94         999      5.0085e+01   0. 0. 	 2.9049e+01 0. 0.      4.4700e+00
       95        1003      4.9878e+01   0. 0. 	-2.1758e+01 0. 0.      3.6900e+00
       96        1008      4.9924e+01   0. 0. 	-4.3080e+01 0. 0.      4.2700e+00
       97        1017      5.1080e+01   0. 0. 	 4.9861e+01 0. 0.      1.7900e+00
       98        1030      5.1204e+01   0. 0. 	 9.0298e+00 0. 0.      3.6000e+00
       99        1035      5.2267e+01   0. 0. 	 5.9940e+01 0. 0.      4.2100e+00
      100        1038      5.1792e+01   0. 0. 	 9.7332e+00 0. 0.      3.7400e+00
      101        1052      5.2643e+01   0. 0. 	 4.7995e+01 0. 0.      4.3600e+00
      102        1066      5.2718e+01   0. 0. 	 1.2937e+01 0. 0.      4.1100e+00
      103        1084      5.3246e+01   0. 0. 	-9.4583e+00 0. 0.      3.7300e+00
      104        1087      5.4122e+01   0. 0. 	 4.8193e+01 0. 0.      4.2300e+00
      105        1088      5.3446e+01   0. 0. 	-2.1632e+01 0. 0.      4.2700e+00
      106        1101      5.4222e+01   0. 0. 	 4.0828e-01 0. 0.      4.2800e+00
      107        1122      5.5731e+01   0. 0. 	 4.7788e+01 0. 0.      3.0100e+00
      108        1131      5.6079e+01   0. 0. 	 3.2288e+01 0. 0.      3.8300e+00
      109        1135      5.6299e+01   0. 0. 	 4.2579e+01 0. 0.      3.7700e+00
      110        1136      5.5813e+01   0. 0. 	-9.7734e+00 0. 0.      3.5400e+00
      111        1142      5.6219e+01   0. 0. 	 2.4114e+01 0. 0.      3.7000e+00
      112        1145      5.6302e+01   0. 0. 	 2.4468e+01 0. 0.      4.3000e+00
      113        1149      5.6456e+01   0. 0. 	 2.4368e+01 0. 0.      3.8700e+00
      114        1155      5.7380e+01   0. 0. 	 6.5526e+01 0. 0.      4.4700e+00
      115        1156      5.6581e+01   0. 0. 	 2.3949e+01 0. 0.      4.1800e+00
      116        1162      5.6534e+01   0. 0. 	-1.2102e+01 0. 0.      4.4200e+00
      117        1165      5.6871e+01   0. 0. 	 2.4106e+01 0. 0.      2.8700e+00
      118        1173      5.6714e+01   0. 0. 	-2.3242e+01 0. 0.      4.2300e+00
      119        1175      5.6040e+01   0. 0. 	-6.4808e+01 0. 0.      3.8500e+00
      120        1178      5.7290e+01   0. 0. 	 2.4054e+01 0. 0.      3.6300e+00
      121        1195      5.7364e+01   0. 0. 	-3.6200e+01 0. 0.      4.1700e+00
      122        1203      5.8533e+01   0. 0. 	 3.1884e+01 0. 0.      2.8500e+00
      123        1208      5.6807e+01   0. 0. 	-7.4240e+01 0. 0.      3.2400e+00
      124        1220      5.9463e+01   0. 0. 	 4.0011e+01 0. 0.      2.8900e+00
      125        1228      5.9741e+01   0. 0. 	 3.5791e+01 0. 0.      4.0400e+00
      126        1231      5.9507e+01   0. 0. 	-1.3507e+01 0. 0.      2.9500e+00
      127        1239      6.0170e+01   0. 0. 	 1.2490e+01 0. 0.      3.4700e+00
      128        1251      6.0789e+01   0. 0. 	 5.9893e+00 0. 0.      3.9100e+00
      129        1256      6.1172e+01   0. 0. 	 2.2083e+01 0. 0.      4.3600e+00
      130        1261      6.1646e+01   0. 0. 	 5.0352e+01 0. 0.      4.2900e+00
      131        1273      6.2165e+01   0. 0. 	 4.7713e+01 0. 0.      4.0400e+00
      132        1298      6.2966e+01   0. 0. 	-6.8386e+00 0. 0.      4.0400e+00
      133        1303      6.3724e+01   0. 0. 	 4.8409e+01 0. 0.      4.1400e+00
      134        1320      6.3883e+01   0. 0. 	 8.8926e+00 0. 0.      4.2900e+00
      135        1325      6.3849e+01   0. 0. 	-7.6049e+00 0. 0.      4.4300e+00
      136        1326      6.3500e+01   0. 0. 	-4.2292e+01 0. 0.      3.8600e+00
      137        1336      6.3605e+01   0. 0. 	-6.2474e+01 0. 0.      3.3500e+00
      138        1338      6.4004e+01   0. 0. 	-5.1489e+01 0. 0.      4.2500e+00
      139        1346      6.4947e+01   0. 0. 	 1.5628e+01 0. 0.      3.6500e+00
      140        1347      6.4472e+01   0. 0. 	-3.3798e+01 0. 0.      3.5600e+00
      141        1355      6.4122e+01   0. 0. 	-5.9300e+01 0. 0.      4.4400e+00
      142        1373      6.5732e+01   0. 0. 	 1.7543e+01 0. 0.      3.7600e+00
      143        1387      6.6340e+01   0. 0. 	 2.2294e+01 0. 0.      4.2200e+00
      144        1389      6.6371e+01   0. 0. 	 1.7929e+01 0. 0.      4.2900e+00
      145        1392      6.6575e+01   0. 0. 	 2.2814e+01 0. 0.      4.2800e+00
      146        1393      6.6008e+01   0. 0. 	-3.4017e+01 0. 0.      3.9600e+00
      147        1394      6.6585e+01   0. 0. 	 1.5619e+01 0. 0.      4.4900e+00
      148        1409      6.7152e+01   0. 0. 	 1.9181e+01 0. 0.      3.5300e+00
      149        1411      6.7142e+01   0. 0. 	 1.5963e+01 0. 0.      3.8400e+00
      150        1412      6.7164e+01   0. 0. 	 1.5871e+01 0. 0.      3.4000e+00
      151        1454      6.9172e+01   0. 0. 	 4.1265e+01 0. 0.      4.2500e+00
      152        1457      6.8979e+01   0. 0. 	 1.6512e+01 0. 0.      8.5000e-01
      153        1458      6.8913e+01   0. 0. 	 1.0161e+01 0. 0.      4.2500e+00
      154        1463      6.9080e+01   0. 0. 	-3.3523e+00 0. 0.      3.9300e+00
      155        1464      6.8888e+01   0. 0. 	-3.0562e+01 0. 0.      3.8200e+00
      156        1465      6.8498e+01   0. 0. 	-5.5045e+01 0. 0.      3.2700e+00
      157        1473      6.9538e+01   0. 0. 	 1.2511e+01 0. 0.      4.2700e+00
      158        1481      6.9546e+01   0. 0. 	-1.4302e+01 0. 0.      3.8700e+00
      159        1496      7.0110e+01   0. 0. 	-1.9670e+01 0. 0.      4.3200e+00
      160        1497      7.0561e+01   0. 0. 	 2.2957e+01 0. 0.      4.2800e+00
      161        1502      7.0143e+01   0. 0. 	-4.1863e+01 0. 0.      4.4500e+00
      162        1520      7.1375e+01   0. 0. 	-3.2541e+00 0. 0.      4.0200e+00
      163        1542      7.3513e+01   0. 0. 	 6.6343e+01 0. 0.      4.2900e+00
      164        1543      7.2453e+01   0. 0. 	 6.9609e+00 0. 0.      3.1900e+00
      165        1544      7.2653e+01   0. 0. 	 8.9005e+00 0. 0.      4.3600e+00
      166        1552      7.2801e+01   0. 0. 	 5.6049e+00 0. 0.      3.6900e+00
      167        1560      7.3224e+01   0. 0. 	-5.4528e+00 0. 0.      4.3900e+00
      168        1567      7.3563e+01   0. 0. 	 2.4405e+00 0. 0.      3.7200e+00
      169        1568      7.4322e+01   0. 0. 	 5.3752e+01 0. 0.      4.4700e+00
      170        1577      7.4248e+01   0. 0. 	 3.3166e+01 0. 0.      2.6900e+00
      171        1580      7.4094e+01   0. 0. 	 1.3515e+01 0. 0.      4.0700e+00
      172        1601      7.4637e+01   0. 0. 	 1.7141e+00 0. 0.      4.4700e+00
      173        1603      7.5854e+01   0. 0. 	 6.0442e+01 0. 0.      4.0300e+00
      174        1605      7.5492e+01   0. 0. 	 4.3823e+01 0. 0.      2.9900e+00
      175        1612      7.5619e+01   0. 0. 	 4.1076e+01 0. 0.      3.7500e+00
      176        1641      7.6628e+01   0. 0. 	 4.1236e+01 0. 0.      3.1700e+00
      177        1654      7.6365e+01   0. 0. 	-2.2370e+01 0. 0.      3.1900e+00
      178        1666      7.6964e+01   0. 0. 	-5.0850e+00 0. 0.      2.7900e+00
      179        1679      7.7287e+01   0. 0. 	-8.7538e+00 0. 0.      4.2700e+00
      180        1696      7.8074e+01   0. 0. 	-1.1868e+01 0. 0.      4.4500e+00
      181        1698      7.8323e+01   0. 0. 	 2.8610e+00 0. 0.      4.4600e+00
      182        1702      7.8232e+01   0. 0. 	-1.6205e+01 0. 0.      3.3100e+00
      183        1705      7.8308e+01   0. 0. 	-1.2941e+01 0. 0.      4.3600e+00
      184        1708      7.9171e+01   0. 0. 	 4.6004e+01 0. 0.      8.0000e-02
      185        1713      7.8635e+01   0. 0. 	-8.2013e+00 0. 0.      1.2000e-01
      186        1735      7.9402e+01   0. 0. 	-6.8442e+00 0. 0.      3.6000e+00
      187        1756      7.9894e+01   0. 0. 	-1.3177e+01 0. 0.      4.2900e+00
      188        1784      8.0987e+01   0. 0. 	-7.8071e+00 0. 0.      4.1400e+00
      189        1788      8.1119e+01   0. 0. 	-2.3969e+00 0. 0.      3.3600e+00
      190        1790      8.1283e+01   0. 0. 	 6.3498e+00 0. 0.      1.6400e+00
      191        1791      8.1572e+01   0. 0. 	 2.8610e+01 0. 0.      1.6500e+00
      192        1829      8.2061e+01   0. 0. 	-2.0758e+01 0. 0.      2.8400e+00
      193        1839      8.2696e+01   0. 0. 	 5.9487e+00 0. 0.      4.2000e+00
      194        1845      8.3053e+01   0. 0. 	 1.8594e+01 0. 0.      4.3800e+00
      195        1852      8.3002e+01   0. 0. 	-2.9881e-01 0. 0.      2.2300e+00
      196        1862      8.2803e+01   0. 0. 	-3.5470e+01 0. 0.      3.8700e+00
      197        1865      8.3182e+01   0. 0. 	-1.7822e+01 0. 0.      2.5800e+00
      198        1876      8.3705e+01   0. 0. 	 9.4895e+00 0. 0.      4.4100e+00
      199        1879      8.3784e+01   0. 0. 	 9.9341e+00 0. 0.      3.6600e+00
      200        1899      8.3858e+01   0. 0. 	-5.9098e+00 0. 0.      2.7700e+00
      201        1903      8.4053e+01   0. 0. 	-1.2018e+00 0. 0.      1.7000e+00
      202        1907      8.4225e+01   0. 0. 	 9.2948e+00 0. 0.      4.0900e+00
      203        1910      8.4411e+01   0. 0. 	 2.1143e+01 0. 0.      3.0000e+00
      204        1922      8.3407e+01   0. 0. 	-6.2490e+01 0. 0.      3.7600e+00
      205        1931      8.4687e+01   0. 0. 	-2.5999e+00 0. 0.      3.8100e+00
      206        1948      8.5190e+01   0. 0. 	-1.9423e+00 0. 0.      2.0500e+00
      207        1949      8.5190e+01   0. 0. 	-1.9423e+00 0. 0.      4.2100e+00
      208        1956      8.4912e+01   0. 0. 	-3.4074e+01 0. 0.      2.6400e+00
      209        1983      8.6120e+01   0. 0. 	-2.2443e+01 0. 0.      3.6000e+00
      210        1998      8.6739e+01   0. 0. 	-1.4822e+01 0. 0.      3.5500e+00
      211        2004      8.6939e+01   0. 0. 	-9.6693e+00 0. 0.      2.0600e+00
      212        2012      8.7873e+01   0. 0. 	 3.9148e+01 0. 0.      3.9700e+00
      213        2015      8.6195e+01   0. 0. 	-6.5736e+01 0. 0.      4.3500e+00
      214        2020      8.6821e+01   0. 0. 	-5.1067e+01 0. 0.      3.8500e+00
      215        2035      8.7827e+01   0. 0. 	-2.0870e+01 0. 0.      3.8100e+00
      216        2040      8.7739e+01   0. 0. 	-3.5774e+01 0. 0.      3.1200e+00
      217        2047      8.8598e+01   0. 0. 	 2.0277e+01 0. 0.      4.4100e+00
      218        2061      8.8793e+01   0. 0. 	 7.4070e+00 0. 0.      5.0000e-01
      219        2077      8.9880e+01   0. 0. 	 5.4286e+01 0. 0.      3.7200e+00
      220        2085      8.9102e+01   0. 0. 	-1.4169e+01 0. 0.      3.7100e+00
      221        2088      8.9883e+01   0. 0. 	 4.4948e+01 0. 0.      1.9000e+00
      222        2091      8.9984e+01   0. 0. 	 4.5937e+01 0. 0.      4.2600e+00
      223        2095      8.9930e+01   0. 0. 	 3.7214e+01 0. 0.      2.6200e+00
      224        2106      8.9384e+01   0. 0. 	-3.5283e+01 0. 0.      4.3600e+00
      225        2120      8.9786e+01   0. 0. 	-4.2815e+01 0. 0.      3.9600e+00
      226        2124      9.0596e+01   0. 0. 	 9.6477e+00 0. 0.      4.1200e+00
      227        2134      9.1030e+01   0. 0. 	 2.3265e+01 0. 0.      4.1600e+00
      228        2159      9.1893e+01   0. 0. 	 1.4769e+01 0. 0.      4.4200e+00
      229        2199      9.2985e+01   0. 0. 	 1.4209e+01 0. 0.      4.4800e+00
      230        2216      9.3720e+01   0. 0. 	 2.2507e+01 0. 0.      3.2800e+00
      231        2219      9.3846e+01   0. 0. 	 2.9502e+01 0. 0.      4.3500e+00
      232        2227      9.3714e+01   0. 0. 	-6.2743e+00 0. 0.      3.9800e+00
      233        2238      9.4906e+01   0. 0. 	 5.9011e+01 0. 0.      4.4800e+00
      234        2256      9.4138e+01   0. 0. 	-3.5142e+01 0. 0.      4.3700e+00
      235        2282      9.5078e+01   0. 0. 	-3.0063e+01 0. 0.      3.0200e+00
      236        2286      9.5739e+01   0. 0. 	 2.2515e+01 0. 0.      2.8800e+00
      237        2294      9.5675e+01   0. 0. 	-1.7956e+01 0. 0.      1.9800e+00
      238        2296      9.5529e+01   0. 0. 	-3.3436e+01 0. 0.      3.8500e+00
      239        2298      9.5942e+01   0. 0. 	 4.5928e+00 0. 0.      4.4400e+00
      240        2326      9.5988e+01   0. 0. 	-5.2696e+01 0. 0.     -7.2000e-01
      241        2343      9.7241e+01   0. 0. 	 2.0212e+01 0. 0.      4.1500e+00
      242        2361      9.7043e+01   0. 0. 	-3.2580e+01 0. 0.      4.4800e+00
      243        2387      9.7964e+01   0. 0. 	-2.3418e+01 0. 0.      4.3300e+00
      244        2421      9.9427e+01   0. 0. 	 1.6400e+01 0. 0.      1.9300e+00
      245        2429      9.9170e+01   0. 0. 	-1.9255e+01 0. 0.      3.9500e+00
      246        2435      9.8744e+01   0. 0. 	-5.2975e+01 0. 0.      4.3900e+00
      247        2443      9.9473e+01   0. 0. 	-1.8237e+01 0. 0.      4.4300e+00
      248        2451      9.9440e+01   0. 0. 	-4.3195e+01 0. 0.      3.1700e+00
      249        2473      1.0098e+02   0. 0. 	 2.5131e+01 0. 0.      2.9800e+00
      250        2478      1.0100e+02   0. 0. 	 1.3229e+01 0. 0.      4.4900e+00
      251        2484      1.0132e+02   0. 0. 	 1.2898e+01 0. 0.      3.3600e+00
      252        2491      1.0130e+02   0. 0. 	-1.6699e+01 0. 0.     -1.4600e+00
      253        2506      1.0197e+02   0. 0. 	 2.4123e+00 0. 0.      4.4700e+00
      254        2538      1.0246e+02   0. 0. 	-3.2509e+01 0. 0.      3.9600e+00
      255        2540      1.0320e+02   0. 0. 	 3.3962e+01 0. 0.      3.6000e+00
      256        2550      1.0205e+02   0. 0. 	-6.1945e+01 0. 0.      3.2700e+00
      257        2553      1.0248e+02   0. 0. 	-5.0614e+01 0. 0.      2.9300e+00
      258        2554      1.0246e+02   0. 0. 	-5.3622e+01 0. 0.      4.4000e+00
      259        2560      1.0432e+02   0. 0. 	 5.8425e+01 0. 0.      4.3500e+00
      260        2574      1.0355e+02   0. 0. 	-1.2038e+01 0. 0.      4.0700e+00
      261        2580      1.0353e+02   0. 0. 	-2.4184e+01 0. 0.      3.8700e+00
      262        2596      1.0403e+02   0. 0. 	-1.7054e+01 0. 0.      4.3700e+00
      263        2618      1.0466e+02   0. 0. 	-2.8972e+01 0. 0.      1.5000e+00
      264        2646      1.0543e+02   0. 0. 	-2.7935e+01 0. 0.      3.4700e+00
      265        2650      1.0603e+02   0. 0. 	 2.0570e+01 0. 0.      3.7900e+00
      266        2653      1.0576e+02   0. 0. 	-2.3833e+01 0. 0.      3.0200e+00
      267        2657      1.0594e+02   0. 0. 	-1.5633e+01 0. 0.      4.1200e+00
      268        2693      1.0710e+02   0. 0. 	-2.6393e+01 0. 0.      1.8400e+00
      269        2697      1.0779e+02   0. 0. 	 3.0246e+01 0. 0.      4.4100e+00
      270        2714      1.0797e+02   0. 0. 	-4.9243e-01 0. 0.      4.1500e+00
      271        2736      1.0719e+02   0. 0. 	-7.0501e+01 0. 0.      3.7800e+00
      272        2740      1.0814e+02   0. 0. 	-4.6761e+01 0. 0.      4.4900e+00
      273        2749      1.0870e+02   0. 0. 	-2.6772e+01 0. 0.      3.8500e+00
      274        2763      1.0952e+02   0. 0. 	 1.6541e+01 0. 0.      3.5800e+00
      275        2773      1.0929e+02   0. 0. 	-3.7097e+01 0. 0.      2.7000e+00
      276        2777      1.1003e+02   0. 0. 	 2.1983e+01 0. 0.      3.5300e+00
      277        2782      1.0968e+02   0. 0. 	-2.4954e+01 0. 0.      4.4000e+00
      278        2803      1.0921e+02   0. 0. 	-6.7957e+01 0. 0.      3.9800e+00
      279        2821      1.1143e+02   0. 0. 	 2.7799e+01 0. 0.      3.7900e+00
      280        2827      1.1102e+02   0. 0. 	-2.9303e+01 0. 0.      2.4500e+00
      281        2845      1.1179e+02   0. 0. 	 8.2898e+00 0. 0.      2.9000e+00
      282        2852      1.1228e+02   0. 0. 	 3.1782e+01 0. 0.      4.1800e+00
      283        2854      1.1204e+02   0. 0. 	 8.9255e+00 0. 0.      4.3200e+00
      284        2878      1.1231e+02   0. 0. 	-4.3304e+01 0. 0.      3.2500e+00
      285        2890      1.1365e+02   0. 0. 	 3.1890e+01 0. 0.      1.5800e+00
      286        2891      1.1365e+02   0. 0. 	 3.1890e+01 0. 0.      1.5900e+00
      287        2905      1.1398e+02   0. 0. 	 2.6897e+01 0. 0.      4.0600e+00
      288        2906      1.1351e+02   0. 0. 	-2.2296e+01 0. 0.      4.4500e+00
      289        2943      1.1484e+02   0. 0. 	 5.2391e+00 0. 0.      3.8000e-01
      290        2970      1.1531e+02   0. 0. 	-9.5506e+00 0. 0.      3.9300e+00
      291        2973      1.1583e+02   0. 0. 	 2.8887e+01 0. 0.      4.2800e+00
      292        2985      1.1611e+02   0. 0. 	 2.4399e+01 0. 0.      3.5700e+00
      293        2990      1.1634e+02   0. 0. 	 2.8027e+01 0. 0.      1.1400e+00
      294        2996      1.1595e+02   0. 0. 	-2.8955e+01 0. 0.      3.9600e+00
      295        3017      1.1631e+02   0. 0. 	-3.7969e+01 0. 0.      3.6100e+00
      296        3024      1.1545e+02   0. 0. 	-7.2606e+01 0. 0.      3.9500e+00
      297        3045      1.1732e+02   0. 0. 	-2.4859e+01 0. 0.      3.3400e+00
      298        3055      1.1731e+02   0. 0. 	-4.6373e+01 0. 0.      4.1100e+00
      299        3080      1.1805e+02   0. 0. 	-4.0576e+01 0. 0.      3.7300e+00
      300        3084      1.1816e+02   0. 0. 	-3.8863e+01 0. 0.      4.4900e+00
      301        3090      1.1833e+02   0. 0. 	-4.8103e+01 0. 0.      4.2400e+00
      302        3102      1.1922e+02   0. 0. 	-2.2880e+01 0. 0.      4.2000e+00
      303        3117      1.1920e+02   0. 0. 	-5.2982e+01 0. 0.      3.4700e+00
      304        3129      1.1956e+02   0. 0. 	-4.9245e+01 0. 0.      4.4100e+00
      305        3145      1.2057e+02   0. 0. 	 2.3332e+00 0. 0.      4.3900e+00
      306        3165      1.2090e+02   0. 0. 	-4.0004e+01 0. 0.      2.2500e+00
      307        3185      1.2189e+02   0. 0. 	-2.4305e+01 0. 0.      2.8100e+00
      308        3188      1.2215e+02   0. 0. 	-2.9834e+00 0. 0.      4.3400e+00
      309        3192      1.2226e+02   0. 0. 	-1.9245e+01 0. 0.      4.4000e+00
      310        3206      1.2237e+02   0. 0. 	-4.7346e+01 0. 0.      4.2700e+00
      311        3207      1.2238e+02   0. 0. 	-4.7336e+01 0. 0.      1.7800e+00
      312        3223      1.2198e+02   0. 0. 	-6.8618e+01 0. 0.      4.3500e+00
      313        3225      1.2284e+02   0. 0. 	-3.9619e+01 0. 0.      4.4500e+00
      314        3243      1.2351e+02   0. 0. 	-4.0347e+01 0. 0.      4.4400e+00
      315        3249      1.2413e+02   0. 0. 	 9.1863e+00 0. 0.      3.5200e+00
      316        3270      1.2464e+02   0. 0. 	-3.6661e+01 0. 0.      4.4500e+00
      317        3275      1.2571e+02   0. 0. 	 4.3189e+01 0. 0.      4.2500e+00
      318        3307      1.2563e+02   0. 0. 	-5.9510e+01 0. 0.      1.8600e+00
      319        3314      1.2642e+02   0. 0. 	-3.9057e+00 0. 0.      3.9000e+00
      320        3318      1.2463e+02   0. 0. 	-7.6921e+01 0. 0.      4.0700e+00
      321        3323      1.2757e+02   0. 0. 	 6.0720e+01 0. 0.      3.3600e+00
      322        3340      1.2517e+02   0. 0. 	-7.7485e+01 0. 0.      4.3500e+00
      323        3347      1.2644e+02   0. 0. 	-6.6134e+01 0. 0.      3.7700e+00
      324        3410      1.2941e+02   0. 0. 	 5.7038e+00 0. 0.      4.1600e+00
      325        3418      1.2969e+02   0. 0. 	 3.3416e+00 0. 0.      4.4400e+00
      326        3426      1.2941e+02   0. 0. 	-4.2989e+01 0. 0.      4.1400e+00
      327        3438      1.3003e+02   0. 0. 	-3.5308e+01 0. 0.      3.9700e+00
      328        3445      1.3016e+02   0. 0. 	-4.6648e+01 0. 0.      3.8400e+00
      329        3447      1.3007e+02   0. 0. 	-5.2939e+01 0. 0.      3.6200e+00
      330        3454      1.3081e+02   0. 0. 	 3.3987e+00 0. 0.      4.3000e+00
      331        3457      1.3015e+02   0. 0. 	-5.9761e+01 0. 0.      4.3300e+00
      332        3461      1.3117e+02   0. 0. 	 1.8157e+01 0. 0.      3.9400e+00
      333        3468      1.3090e+02   0. 0. 	-3.3186e+01 0. 0.      3.6800e+00
      334        3475      1.3167e+02   0. 0. 	 2.8761e+01 0. 0.      4.0200e+00
      335        3477      1.3110e+02   0. 0. 	-4.2650e+01 0. 0.      4.0700e+00
      336        3482      1.3170e+02   0. 0. 	 6.4196e+00 0. 0.      3.3800e+00
      337        3484      1.3159e+02   0. 0. 	-1.3547e+01 0. 0.      4.3200e+00
      338        3485      1.3118e+02   0. 0. 	-5.4707e+01 0. 0.      1.9600e+00
      339        3487      1.3151e+02   0. 0. 	-4.6042e+01 0. 0.      3.9100e+00
      340        3492      1.3211e+02   0. 0. 	 5.8382e+00 0. 0.      4.3600e+00
      341        3498      1.3168e+02   0. 0. 	-5.6770e+01 0. 0.      4.4900e+00
      342        3518      1.3264e+02   0. 0. 	-2.7711e+01 0. 0.      4.0100e+00
      343        3547      1.3385e+02   0. 0. 	 5.9452e+00 0. 0.      3.1100e+00
      344        3569      1.3481e+02   0. 0. 	 4.8045e+01 0. 0.      3.1400e+00
      345        3571      1.3376e+02   0. 0. 	-6.0645e+01 0. 0.      3.8400e+00
      346        3572      1.3462e+02   0. 0. 	 1.1858e+01 0. 0.      4.2500e+00
      347        3579      1.3517e+02   0. 0. 	 4.1786e+01 0. 0.      3.9700e+00
      348        3591      1.3502e+02   0. 0. 	-4.1254e+01 0. 0.      4.4500e+00
      349        3594      1.3591e+02   0. 0. 	 4.7157e+01 0. 0.      3.6000e+00
      350        3614      1.3604e+02   0. 0. 	-4.7097e+01 0. 0.      3.7500e+00
      351        3615      1.3561e+02   0. 0. 	-6.6395e+01 0. 0.      4.0000e+00
      352        3619      1.3722e+02   0. 0. 	 5.1605e+01 0. 0.      4.4800e+00
      353        3634      1.3700e+02   0. 0. 	-4.3433e+01 0. 0.      2.2100e+00
      354        3643      1.3629e+02   0. 0. 	-7.2603e+01 0. 0.      4.4800e+00
      355        3659      1.3774e+02   0. 0. 	-5.8967e+01 0. 0.      3.4400e+00
      356        3663      1.3782e+02   0. 0. 	-6.2317e+01 0. 0.      3.9700e+00
      357        3665      1.3859e+02   0. 0. 	 2.3187e+00 0. 0.      3.8800e+00
      358        3685      1.3831e+02   0. 0. 	-6.9719e+01 0. 0.      1.6800e+00
      359        3690      1.3971e+02   0. 0. 	 3.6804e+01 0. 0.      3.8200e+00
      360        3696      1.3905e+02   0. 0. 	-5.7541e+01 0. 0.      4.3400e+00
      361        3699      1.3927e+02   0. 0. 	-5.9275e+01 0. 0.      2.2500e+00
      362        3705      1.4027e+02   0. 0. 	 3.4392e+01 0. 0.      3.1300e+00
      363        3731      1.4116e+02   0. 0. 	 2.6183e+01 0. 0.      4.4600e+00
      364        3734      1.4053e+02   0. 0. 	-5.5011e+01 0. 0.      2.5000e+00
      365        3748      1.4190e+02   0. 0. 	-8.6587e+00 0. 0.      1.9800e+00
      366        3751      1.4427e+02   0. 0. 	 8.1327e+01 0. 0.      4.2900e+00
      367        3757      1.4288e+02   0. 0. 	 6.3062e+01 0. 0.      3.6700e+00
      368        3773      1.4293e+02   0. 0. 	 2.2969e+01 0. 0.      4.3100e+00
      369        3775      1.4324e+02   0. 0. 	 5.1685e+01 0. 0.      3.1700e+00
      370        3786      1.4268e+02   0. 0. 	-4.0468e+01 0. 0.      3.6000e+00
      371        3803      1.4281e+02   0. 0. 	-5.7034e+01 0. 0.      3.1300e+00
      372        3825      1.4361e+02   0. 0. 	-5.9230e+01 0. 0.      4.0800e+00
      373        3836      1.4421e+02   0. 0. 	-4.9355e+01 0. 0.      4.3500e+00
      374        3845      1.4496e+02   0. 0. 	-1.1418e+00 0. 0.      3.9100e+00
      375        3852      1.4529e+02   0. 0. 	 9.8927e+00 0. 0.      3.5200e+00
      376        3873      1.4646e+02   0. 0. 	 2.3774e+01 0. 0.      2.9800e+00
      377        3884      1.4631e+02   0. 0. 	-6.2508e+01 0. 0.      3.6900e+00
      378        3888      1.4776e+02   0. 0. 	 5.9041e+01 0. 0.      3.8000e+00
      379        3890      1.4678e+02   0. 0. 	-6.5072e+01 0. 0.      2.9600e+00
      380        3903      1.4787e+02   0. 0. 	-1.4846e+01 0. 0.      4.1200e+00
      381        3905      1.4819e+02   0. 0. 	 2.6008e+01 0. 0.      3.8800e+00
      382        3940      1.4922e+02   0. 0. 	-5.4568e+01 0. 0.      3.5400e+00
      383        3974      1.5186e+02   0. 0. 	 3.5245e+01 0. 0.      4.4800e+00
      384        3975      1.5183e+02   0. 0. 	 1.6763e+01 0. 0.      3.5200e+00
      385        3980      1.5198e+02   0. 0. 	 9.9985e+00 0. 0.      4.3700e+00
      386        3981      1.5198e+02   0. 0. 	-3.7181e-01 0. 0.      4.4900e+00
      387        3982      1.5210e+02   0. 0. 	 1.1967e+01 0. 0.      1.3500e+00
      388        3994      1.5265e+02   0. 0. 	-1.2352e+01 0. 0.      3.6100e+00
      389        4023      1.5369e+02   0. 0. 	-4.2122e+01 0. 0.      3.8500e+00
      390        4031      1.5417e+02   0. 0. 	 2.3418e+01 0. 0.      3.4400e+00
      391        4033      1.5428e+02   0. 0. 	 4.2915e+01 0. 0.      3.4500e+00
      392        4037      1.5344e+02   0. 0. 	-7.0038e+01 0. 0.      3.3200e+00
      393        4050      1.5427e+02   0. 0. 	-6.1332e+01 0. 0.      3.4000e+00
      394        4057      1.5499e+02   0. 0. 	 1.9844e+01 0. 0.      2.6100e+00
      395        4058      1.5499e+02   0. 0. 	 1.9843e+01 0. 0.      3.8000e+00
      396        4069      1.5558e+02   0. 0. 	 4.1499e+01 0. 0.      3.0500e+00
      397        4094      1.5652e+02   0. 0. 	-1.6835e+01 0. 0.      3.8100e+00
      398        4100      1.5697e+02   0. 0. 	 3.6709e+01 0. 0.      4.2100e+00
      399        4102      1.5610e+02   0. 0. 	-7.4031e+01 0. 0.      4.0000e+00
      400        4104      1.5679e+02   0. 0. 	-3.1068e+01 0. 0.      4.2500e+00
      401        4114      1.5697e+02   0. 0. 	-5.8739e+01 0. 0.      3.8200e+00
      402        4133      1.5820e+02   0. 0. 	 9.3068e+00 0. 0.      3.8500e+00
      403        4140      1.5801e+02   0. 0. 	-6.1685e+01 0. 0.      3.3200e+00
      404        4159      1.5890e+02   0. 0. 	-5.7557e+01 0. 0.      4.4500e+00
      405        4167      1.5933e+02   0. 0. 	-4.8225e+01 0. 0.      3.8400e+00
      406        4174      1.5887e+02   0. 0. 	-7.8608e+01 0. 0.      4.1100e+00
      407        4180      1.5983e+02   0. 0. 	-5.5603e+01 0. 0.      4.2800e+00
      408        4199      1.6074e+02   0. 0. 	-6.4394e+01 0. 0.      2.7600e+00
      409        4216      1.6169e+02   0. 0. 	-4.9419e+01 0. 0.      2.6900e+00
      410        4232      1.6240e+02   0. 0. 	-1.6196e+01 0. 0.      3.1100e+00
      411        4234      1.6145e+02   0. 0. 	-8.0540e+01 0. 0.      4.4500e+00
      412        4247      1.6333e+02   0. 0. 	 3.4219e+01 0. 0.      3.8300e+00
      413        4257      1.6337e+02   0. 0. 	-5.8854e+01 0. 0.      3.7800e+00
      414        4287      1.6495e+02   0. 0. 	-1.8300e+01 0. 0.      4.0800e+00
      415        4293      1.6504e+02   0. 0. 	-4.2226e+01 0. 0.      4.3900e+00
      416        4295      1.6546e+02   0. 0. 	 5.6382e+01 0. 0.      2.3700e+00
      417        4300      1.6558e+02   0. 0. 	 2.0179e+01 0. 0.      4.4200e+00
      418        4301      1.6594e+02   0. 0. 	 6.1752e+01 0. 0.      1.7900e+00
      419        4335      1.6742e+02   0. 0. 	 4.4499e+01 0. 0.      3.0100e+00
      420        4337      1.6715e+02   0. 0. 	-5.8986e+01 0. 0.      3.9100e+00
      421        4343      1.6791e+02   0. 0. 	-2.2824e+01 0. 0.      4.4800e+00
      422        4357      1.6852e+02   0. 0. 	 2.0526e+01 0. 0.      2.5600e+00
      423        4359      1.6856e+02   0. 0. 	 1.5431e+01 0. 0.      3.3400e+00
      424        4368      1.6917e+02   0. 0. 	-3.6509e+00 0. 0.      4.4700e+00
      425        4375      1.6955e+02   0. 0. 	 3.1537e+01 0. 0.      4.4100e+00
      426        4377      1.6962e+02   0. 0. 	 3.3094e+01 0. 0.      3.4800e+00
      427        4382      1.6984e+02   0. 0. 	-1.4781e+01 0. 0.      3.5600e+00
      428        4386      1.7029e+02   0. 0. 	 6.0296e+00 0. 0.      4.0500e+00
      429        4390      1.7025e+02   0. 0. 	-5.4491e+01 0. 0.      3.8900e+00
      430        4399      1.7098e+02   0. 0. 	 1.0530e+01 0. 0.      3.9400e+00
      431        4405      1.7122e+02   0. 0. 	-1.7684e+01 0. 0.      4.0800e+00
      432        4434      1.7285e+02   0. 0. 	 6.9331e+01 0. 0.      3.8400e+00
      433        4450      1.7325e+02   0. 0. 	-3.1857e+01 0. 0.      3.5400e+00
      434        4467      1.7395e+02   0. 0. 	-6.3020e+01 0. 0.      3.1300e+00
      435        4471      1.7424e+02   0. 0. 	-8.2414e-01 0. 0.      4.3000e+00
      436        4517      1.7646e+02   0. 0. 	 6.5318e+00 0. 0.      4.0300e+00
      437        4518      1.7652e+02   0. 0. 	 4.7779e+01 0. 0.      3.7100e+00
      438        4520      1.7641e+02   0. 0. 	-6.6729e+01 0. 0.      3.6400e+00
      439        4522      1.7663e+02   0. 0. 	-6.1178e+01 0. 0.      4.1100e+00
      440        4534      1.7727e+02   0. 0. 	 1.4574e+01 0. 0.      2.1400e+00
      441        4537      1.7742e+02   0. 0. 	-6.3788e+01 0. 0.      4.3200e+00
      442        4540      1.7766e+02   0. 0. 	 1.7685e+00 0. 0.      3.6100e+00
      443        4546      1.7779e+02   0. 0. 	-4.5184e+01 0. 0.      4.4600e+00
      444        4552      1.7823e+02   0. 0. 	-3.3908e+01 0. 0.      4.2800e+00
      445        4554      1.7846e+02   0. 0. 	 5.3695e+01 0. 0.      2.4400e+00
      446        4599      1.8076e+02   0. 0. 	-6.3313e+01 0. 0.      4.3300e+00
      447        4608      1.8131e+02   0. 0. 	 8.7322e+00 0. 0.      4.1200e+00
      448        4616      1.8172e+02   0. 0. 	-6.4613e+01 0. 0.      4.1500e+00
      449        4618      1.8202e+02   0. 0. 	-5.0661e+01 0. 0.      4.4700e+00
      450        4621      1.8209e+02   0. 0. 	-5.0722e+01 0. 0.      2.6000e+00
      451        4623      1.8210e+02   0. 0. 	-2.4728e+01 0. 0.      4.0200e+00
      452        4630      1.8253e+02   0. 0. 	-2.2620e+01 0. 0.      3.0000e+00
      453        4638      1.8291e+02   0. 0. 	-5.2368e+01 0. 0.      3.9600e+00
      454        4656      1.8379e+02   0. 0. 	-5.8749e+01 0. 0.      2.8000e+00
      455        4660      1.8385e+02   0. 0. 	 5.7033e+01 0. 0.      3.3100e+00
      456        4662      1.8395e+02   0. 0. 	-1.7542e+01 0. 0.      2.5900e+00
      457        4671      1.8440e+02   0. 0. 	-6.7960e+01 0. 0.      4.1100e+00
      458        4674      1.8459e+02   0. 0. 	-7.9312e+01 0. 0.      4.2600e+00
      459        4679      1.8461e+02   0. 0. 	-6.4003e+01 0. 0.      4.0400e+00
      460        4689      1.8498e+02   0. 0. 	-6.6630e-01 0. 0.      3.8900e+00
      461        4700      1.8534e+02   0. 0. 	-6.0402e+01 0. 0.      3.5900e+00
      462        4730      1.8665e+02   0. 0. 	-6.3099e+01 0. 0.      1.5800e+00
      463        4731      1.8665e+02   0. 0. 	-6.3099e+01 0. 0.      2.0900e+00
      464        4737      1.8674e+02   0. 0. 	 2.8270e+01 0. 0.      4.3600e+00
      465        4743      1.8701e+02   0. 0. 	-5.0230e+01 0. 0.      3.9100e+00
      466        4757      1.8747e+02   0. 0. 	-1.6513e+01 0. 0.      2.9500e+00
      467        4763      1.8779e+02   0. 0. 	-5.7110e+01 0. 0.      1.6300e+00
      468        4773      1.8812e+02   0. 0. 	-7.2133e+01 0. 0.      3.8700e+00
      469        4775      1.8802e+02   0. 0. 	-1.6195e+01 0. 0.      4.3100e+00
      470        4785      1.8845e+02   0. 0. 	 4.1353e+01 0. 0.      4.2600e+00
      471        4786      1.8860e+02   0. 0. 	-2.3396e+01 0. 0.      2.6500e+00
      472        4787      1.8837e+02   0. 0. 	 6.9788e+01 0. 0.      3.8700e+00
      473        4798      1.8930e+02   0. 0. 	-6.9135e+01 0. 0.      2.6900e+00
      474        4802      1.8943e+02   0. 0. 	-4.8541e+01 0. 0.      3.8600e+00
      475        4819      1.9038e+02   0. 0. 	-4.8959e+01 0. 0.      2.1700e+00
      476        4825      1.9042e+02   0. 0. 	-1.4491e+00 0. 0.      3.6500e+00
      477        4826      1.9042e+02   0. 0. 	-1.4491e+00 0. 0.      3.6800e+00
      478        4844      1.9157e+02   0. 0. 	-6.8108e+01 0. 0.      3.0500e+00
      479        4853      1.9193e+02   0. 0. 	-5.9688e+01 0. 0.      1.2500e+00
      480        4888      1.9328e+02   0. 0. 	-4.8943e+01 0. 0.      4.3300e+00
      481        4889      1.9336e+02   0. 0. 	-4.0178e+01 0. 0.      4.2700e+00
      482        4898      1.9365e+02   0. 0. 	-5.7177e+01 0. 0.      4.0300e+00
      483        4905      1.9350e+02   0. 0. 	 5.5960e+01 0. 0.      1.7700e+00
      484        4910      1.9391e+02   0. 0. 	 3.3981e+00 0. 0.      3.3800e+00
      485        4915      1.9401e+02   0. 0. 	 3.8318e+01 0. 0.      2.9000e+00
      486        4923      1.9556e+02   0. 0. 	-7.1548e+01 0. 0.      3.6200e+00
      487        4932      1.9555e+02   0. 0. 	 1.0959e+01 0. 0.      2.8300e+00
      488        4942      1.9673e+02   0. 0. 	-4.9906e+01 0. 0.      4.2700e+00
      489        4963      1.9749e+02   0. 0. 	-5.5381e+00 0. 0.      4.3800e+00
      490        4983      1.9798e+02   0. 0. 	 2.7866e+01 0. 0.      4.2600e+00
      491        5020      1.9973e+02   0. 0. 	-2.3171e+01 0. 0.      3.0000e+00
      492        5028      2.0016e+02   0. 0. 	-3.6711e+01 0. 0.      2.7500e+00
      493        5054      2.0098e+02   0. 0. 	 5.4926e+01 0. 0.      2.2700e+00
      494        5055      2.0098e+02   0. 0. 	 5.4922e+01 0. 0.      3.9500e+00
      495        5056      2.0130e+02   0. 0. 	-1.1161e+01 0. 0.      9.8000e-01
      496        5062      2.0130e+02   0. 0. 	 5.4988e+01 0. 0.      4.0100e+00
      497        5089      2.0276e+02   0. 0. 	-3.9407e+01 0. 0.      3.8800e+00
      498        5107      2.0368e+02   0. 0. 	-5.9630e-01 0. 0.      3.3700e+00
      499        5132      2.0497e+02   0. 0. 	-5.3466e+01 0. 0.      2.3000e+00
      500        5168      2.0643e+02   0. 0. 	-3.3042e+01 0. 0.      4.2300e+00
      501        5190      2.0738e+02   0. 0. 	-4.1688e+01 0. 0.      3.4100e+00
      502        5191      2.0689e+02   0. 0. 	 4.9314e+01 0. 0.      1.8600e+00
      503        5192      2.0736e+02   0. 0. 	-3.4450e+01 0. 0.      4.1900e+00
      504        5193      2.0740e+02   0. 0. 	-4.2473e+01 0. 0.      3.0400e+00
      505        5200      2.0737e+02   0. 0. 	 1.5797e+01 0. 0.      4.0700e+00
      506        5231      2.0889e+02   0. 0. 	-4.7287e+01 0. 0.      2.5500e+00
      507        5235      2.0867e+02   0. 0. 	 1.8403e+01 0. 0.      2.6800e+00
      508        5248      2.0957e+02   0. 0. 	-4.2100e+01 0. 0.      3.8300e+00
      509        5249      2.0967e+02   0. 0. 	-4.4803e+01 0. 0.      3.8700e+00
      510        5260      2.1043e+02   0. 0. 	-4.5603e+01 0. 0.      4.3400e+00
      511        5264      2.1041e+02   0. 0. 	 1.5447e+00 0. 0.      4.2600e+00
      512        5267      2.1096e+02   0. 0. 	-6.0373e+01 0. 0.      6.1000e-01
      513        5285      2.1151e+02   0. 0. 	-4.1179e+01 0. 0.      4.3600e+00
      514        5287      2.1159e+02   0. 0. 	-2.6680e+01 0. 0.      3.2700e+00
      515        5288      2.1168e+02   0. 0. 	-3.6363e+01 0. 0.      2.0600e+00
      516        5291      2.1110e+02   0. 0. 	 6.4376e+01 0. 0.      3.6500e+00
      517        5315      2.1322e+02   0. 0. 	-1.0275e+01 0. 0.      4.1900e+00
      518        5338      2.1400e+02   0. 0. 	-5.9942e+00 0. 0.      4.0800e+00
      519        5339      2.1674e+02   0. 0. 	-8.3668e+01 0. 0.      4.3200e+00
      520        5340      2.1393e+02   0. 0. 	 1.9210e+01 0. 0.     -4.0000e-02
      521        5351      2.1410e+02   0. 0. 	 4.6086e+01 0. 0.      4.1800e+00
      522        5354      2.1485e+02   0. 0. 	-4.6058e+01 0. 0.      3.5500e+00
      523        5358      2.1508e+02   0. 0. 	-5.6386e+01 0. 0.      4.3300e+00
      524        5367      2.1514e+02   0. 0. 	-3.7885e+01 0. 0.      4.0500e+00
      525        5378      2.1576e+02   0. 0. 	-3.9512e+01 0. 0.      4.4200e+00
      526        5396      2.1654e+02   0. 0. 	-4.5379e+01 0. 0.      4.3500e+00
      527        5404      2.1630e+02   0. 0. 	 5.1856e+01 0. 0.      4.0500e+00
      528        5425      2.1815e+02   0. 0. 	-5.0457e+01 0. 0.      4.4200e+00
      529        5429      2.1796e+02   0. 0. 	 3.0370e+01 0. 0.      3.5800e+00
      530        5430      2.1688e+02   0. 0. 	 7.5696e+01 0. 0.      4.2500e+00
      531        5435      2.1802e+02   0. 0. 	 3.8306e+01 0. 0.      3.0300e+00
      532        5440      2.1888e+02   0. 0. 	-4.2157e+01 0. 0.      2.3100e+00
      533        5447      2.1867e+02   0. 0. 	 2.9743e+01 0. 0.      4.4600e+00
      534        5453      2.1947e+02   0. 0. 	-4.9425e+01 0. 0.      4.0500e+00
      535        5459      2.2000e+02   0. 0. 	-6.0845e+01 0. 0.     -1.0000e-02
      536        5460      2.2000e+02   0. 0. 	-6.0845e+01 0. 0.      1.3300e+00
      537        5463      2.2063e+02   0. 0. 	-6.4972e+01 0. 0.      3.1900e+00
      538        5469      2.2048e+02   0. 0. 	-4.7388e+01 0. 0.      2.3000e+00
      539        5470      2.2197e+02   0. 0. 	-7.9045e+01 0. 0.      3.8300e+00
      540        5471      2.2049e+02   0. 0. 	-3.7793e+01 0. 0.      4.0000e+00
      541        5478      2.2029e+02   0. 0. 	 1.3729e+01 0. 0.      4.4300e+00
      542        5485      2.2092e+02   0. 0. 	-3.5171e+01 0. 0.      4.0500e+00
      543        5487      2.2076e+02   0. 0. 	-5.6536e+00 0. 0.      3.8800e+00
      544        5506      2.2125e+02   0. 0. 	 2.7074e+01 0. 0.      2.7000e+00
      545        5511      2.2156e+02   0. 0. 	 1.8931e+00 0. 0.      3.7200e+00
      546        5526      2.2258e+02   0. 0. 	-2.7959e+01 0. 0.      4.4100e+00
      547        5528      2.2291e+02   0. 0. 	-4.3575e+01 0. 0.      4.3200e+00
      548        5531      2.2272e+02   0. 0. 	-1.6040e+01 0. 0.      2.7500e+00
      549        5563      2.2268e+02   0. 0. 	 7.4155e+01 0. 0.      2.0800e+00
      550        5570      2.2430e+02   0. 0. 	-4.3440e+00 0. 0.      4.4900e+00
      551        5571      2.2463e+02   0. 0. 	-4.3133e+01 0. 0.      2.6800e+00
      552        5576      2.2479e+02   0. 0. 	-4.2104e+01 0. 0.      3.1300e+00
      553        5601      2.2573e+02   0. 0. 	 2.0909e+00 0. 0.      4.4000e+00
      554        5602      2.2549e+02   0. 0. 	 4.0391e+01 0. 0.      3.5000e+00
      555        5603      2.2602e+02   0. 0. 	-2.5281e+01 0. 0.      3.2900e+00
      556        5626      2.2721e+02   0. 0. 	-4.5279e+01 0. 0.      4.0500e+00
      557        5646      2.2799e+02   0. 0. 	-4.8737e+01 0. 0.      3.8700e+00
      558        5649      2.2807e+02   0. 0. 	-5.2098e+01 0. 0.      3.4100e+00
      559        5670      2.2938e+02   0. 0. 	-5.8799e+01 0. 0.      4.0700e+00
      560        5671      2.2973e+02   0. 0. 	-6.8679e+01 0. 0.      2.8900e+00
      561        5681      2.2887e+02   0. 0. 	 3.3316e+01 0. 0.      3.4700e+00
      562        5683      2.2963e+02   0. 0. 	-4.7875e+01 0. 0.      4.2700e+00
      563        5685      2.2925e+02   0. 0. 	-9.3823e+00 0. 0.      2.6100e+00
      564        5686      2.2946e+02   0. 0. 	-3.0148e+01 0. 0.      4.3400e+00
      565        5695      2.3034e+02   0. 0. 	-4.0647e+01 0. 0.      3.2200e+00
      566        5705      2.3045e+02   0. 0. 	-3.6260e+01 0. 0.      3.5600e+00
      567        5708      2.3067e+02   0. 0. 	-4.4689e+01 0. 0.      3.3700e+00
      568        5733      2.3113e+02   0. 0. 	 3.7376e+01 0. 0.      4.3100e+00
      569        5735      2.3018e+02   0. 0. 	 7.1834e+01 0. 0.      3.0500e+00
      570        5744      2.3123e+02   0. 0. 	 5.8966e+01 0. 0.      3.2900e+00
      571        5747      2.3196e+02   0. 0. 	 2.9104e+01 0. 0.      3.6800e+00
      572        5771      2.3418e+02   0. 0. 	-6.6316e+01 0. 0.      4.1100e+00
      573        5776      2.3379e+02   0. 0. 	-4.1166e+01 0. 0.      2.7800e+00
      574        5778      2.3323e+02   0. 0. 	 3.1359e+01 0. 0.      4.1400e+00
      575        5787      2.3388e+02   0. 0. 	-1.4789e+01 0. 0.      3.9100e+00
      576        5788      2.3370e+02   0. 0. 	 1.0538e+01 0. 0.      3.8000e+00
      577        5789      2.3370e+02   0. 0. 	 1.0539e+01 0. 0.      3.8000e+00
      578        5793      2.3367e+02   0. 0. 	 2.6716e+01 0. 0.      2.2300e+00
      579        5794      2.3426e+02   0. 0. 	-2.8135e+01 0. 0.      3.5800e+00
      580        5797      2.3452e+02   0. 0. 	-4.2568e+01 0. 0.      4.3300e+00
      581        5812      2.3466e+02   0. 0. 	-2.9777e+01 0. 0.      3.6600e+00
      582        5849      2.3569e+02   0. 0. 	 2.6295e+01 0. 0.      3.8400e+00
      583        5854      2.3607e+02   0. 0. 	 6.4251e+00 0. 0.      2.6500e+00
      584        5867      2.3655e+02   0. 0. 	 1.5422e+01 0. 0.      3.6700e+00
      585        5868      2.3661e+02   0. 0. 	 7.3541e+00 0. 0.      4.4300e+00
      586        5879      2.3719e+02   0. 0. 	 1.8143e+01 0. 0.      4.0900e+00
      587        5881      2.3741e+02   0. 0. 	-3.4295e+00 0. 0.      3.5300e+00
      588        5883      2.3774e+02   0. 0. 	-3.3626e+01 0. 0.      3.9500e+00
      589        5892      2.3770e+02   0. 0. 	 4.4769e+00 0. 0.      3.7100e+00
      590        5897      2.3879e+02   0. 0. 	-6.3425e+01 0. 0.      2.8500e+00
      591        5903      2.3601e+02   0. 0. 	 7.7795e+01 0. 0.      4.3200e+00
      592        5908      2.3846e+02   0. 0. 	-1.6731e+01 0. 0.      4.1500e+00
      593        5928      2.3922e+02   0. 0. 	-2.9213e+01 0. 0.      3.8800e+00
      594        5933      2.3911e+02   0. 0. 	 1.5679e+01 0. 0.      3.8500e+00
      595        5944      2.3971e+02   0. 0. 	-2.6114e+01 0. 0.      2.8900e+00
      596        5947      2.3940e+02   0. 0. 	 2.6879e+01 0. 0.      4.1500e+00
      597        5948      2.4003e+02   0. 0. 	-3.8396e+01 0. 0.      3.4100e+00
      598        5953      2.4008e+02   0. 0. 	-2.2621e+01 0. 0.      2.3200e+00
      599        5958      2.3988e+02   0. 0. 	 2.5920e+01 0. 0.      2.0000e+00
      600        5984      2.4136e+02   0. 0. 	-1.9805e+01 0. 0.      2.6200e+00
      601        5986      2.4048e+02   0. 0. 	 5.8561e+01 0. 0.      4.0100e+00
      602        5987      2.4165e+02   0. 0. 	-3.6802e+01 0. 0.      4.2300e+00
      603        5993      2.4170e+02   0. 0. 	-2.0669e+01 0. 0.      3.9600e+00
      604        5997      2.4185e+02   0. 0. 	-2.0868e+01 0. 0.      4.3200e+00
      605        6023      2.4219e+02   0. 0. 	 4.4934e+01 0. 0.      4.2600e+00
      606        6027      2.4300e+02   0. 0. 	-1.9460e+01 0. 0.      4.0100e+00
      607        6030      2.4386e+02   0. 0. 	-6.3685e+01 0. 0.      3.8500e+00
      608        6056      2.4359e+02   0. 0. 	-3.6920e+00 0. 0.      2.7400e+00
      609        6072      2.4496e+02   0. 0. 	-5.0155e+01 0. 0.      4.0200e+00
      610        6075      2.4458e+02   0. 0. 	-4.6929e+00 0. 0.      3.2400e+00
      611        6084      2.4530e+02   0. 0. 	-2.5592e+01 0. 0.      2.8900e+00
      612        6092      2.4494e+02   0. 0. 	 4.6313e+01 0. 0.      3.8900e+00
      613        6095      2.4548e+02   0. 0. 	 1.9152e+01 0. 0.      3.7500e+00
      614        6102      2.4837e+02   0. 0. 	-7.8896e+01 0. 0.      3.8900e+00
      615        6115      2.4680e+02   0. 0. 	-4.7555e+01 0. 0.      4.4700e+00
      616        6118      2.4676e+02   0. 0. 	-1.8456e+01 0. 0.      4.4200e+00
      617        6132      2.4600e+02   0. 0. 	 6.1513e+01 0. 0.      2.7400e+00
      618        6134      2.4735e+02   0. 0. 	-2.6431e+01 0. 0.      9.6000e-01
      619        6143      2.4785e+02   0. 0. 	-3.4704e+01 0. 0.      4.2300e+00
      620        6147      2.4779e+02   0. 0. 	-1.6612e+01 0. 0.      4.2800e+00
      621        6148      2.4756e+02   0. 0. 	 2.1490e+01 0. 0.      2.7700e+00
      622        6149      2.4773e+02   0. 0. 	 1.9850e+00 0. 0.      3.8200e+00
      623        6153      2.4803e+02   0. 0. 	-2.1467e+01 0. 0.      4.4500e+00
      624        6163      2.5079e+02   0. 0. 	-7.7512e+01 0. 0.      4.2400e+00
      625        6165      2.4897e+02   0. 0. 	-2.8215e+01 0. 0.      2.8200e+00
      626        6166      2.4909e+02   0. 0. 	-3.5256e+01 0. 0.      4.1600e+00
      627        6168      2.4853e+02   0. 0. 	 4.2436e+01 0. 0.      4.2000e+00
      628        6175      2.4929e+02   0. 0. 	-1.0567e+01 0. 0.      2.5600e+00
      629        6212      2.5033e+02   0. 0. 	 3.1597e+01 0. 0.      2.8100e+00
      630        6217      2.5217e+02   0. 0. 	-6.9027e+01 0. 0.      1.9200e+00
      631        6220      2.5072e+02   0. 0. 	 3.8923e+01 0. 0.      3.5300e+00
      632        6229      2.5245e+02   0. 0. 	-5.9041e+01 0. 0.      3.7600e+00
      633        6241      2.5255e+02   0. 0. 	-3.4289e+01 0. 0.      2.2900e+00
      634        6247      2.5297e+02   0. 0. 	-3.8047e+01 0. 0.      3.0800e+00
      635        6252      2.5308e+02   0. 0. 	-3.8017e+01 0. 0.      3.5700e+00
      636        6271      2.5365e+02   0. 0. 	-4.2358e+01 0. 0.      3.6200e+00
      637        6281      2.5350e+02   0. 0. 	 1.0166e+01 0. 0.      4.3800e+00
      638        6285      2.5466e+02   0. 0. 	-5.5989e+01 0. 0.      3.1300e+00
      639        6295      2.5490e+02   0. 0. 	-5.3160e+01 0. 0.      4.0600e+00
      640        6299      2.5442e+02   0. 0. 	 9.3750e+00 0. 0.      3.2000e+00
      641        6322      2.5149e+02   0. 0. 	 8.2037e+01 0. 0.      4.2300e+00
      642        6324      2.5507e+02   0. 0. 	 3.0926e+01 0. 0.      3.9200e+00
      643        6378      2.5759e+02   0. 0. 	-1.5726e+01 0. 0.      2.4300e+00
      644        6380      2.5804e+02   0. 0. 	-4.3235e+01 0. 0.      3.3300e+00
      645        6396      2.5720e+02   0. 0. 	 6.5714e+01 0. 0.      3.1700e+00
      646        6406      2.5866e+02   0. 0. 	 1.4390e+01 0. 0.      3.4800e+00
      647        6410      2.5876e+02   0. 0. 	 2.4841e+01 0. 0.      3.1400e+00
      648        6418      2.5876e+02   0. 0. 	 3.6809e+01 0. 0.      3.1600e+00
      649        6445      2.6025e+02   0. 0. 	-2.1110e+01 0. 0.      4.3900e+00
      650        6446      2.6021e+02   0. 0. 	-1.2847e+01 0. 0.      4.3300e+00
      651        6453      2.6050e+02   0. 0. 	-2.4999e+01 0. 0.      3.2700e+00
      652        6461      2.6133e+02   0. 0. 	-5.5529e+01 0. 0.      2.8500e+00
      653        6462      2.6135e+02   0. 0. 	-5.6388e+01 0. 0.      3.3400e+00
      654        6486      2.6159e+02   0. 0. 	-2.4184e+01 0. 0.      4.1700e+00
      655        6492      2.6184e+02   0. 0. 	-2.9865e+01 0. 0.      4.2900e+00
      656        6498      2.6163e+02   0. 0. 	 4.1403e+00 0. 0.      4.3400e+00
      657        6500      2.6278e+02   0. 0. 	-6.0682e+01 0. 0.      3.6200e+00
      658        6508      2.6269e+02   0. 0. 	-3.7295e+01 0. 0.      2.6900e+00
      659        6510      2.6296e+02   0. 0. 	-4.9875e+01 0. 0.      2.9500e+00
      660        6526      2.6268e+02   0. 0. 	 2.6110e+01 0. 0.      4.4100e+00
      661        6527      2.6340e+02   0. 0. 	-3.7103e+01 0. 0.      1.6300e+00
      662        6536      2.6261e+02   0. 0. 	 5.2301e+01 0. 0.      2.7900e+00
      663        6546      2.6414e+02   0. 0. 	-3.8632e+01 0. 0.      4.2900e+00
      664        6553      2.6433e+02   0. 0. 	-4.2998e+01 0. 0.      1.8700e+00
      665        6556      2.6373e+02   0. 0. 	 1.2563e+01 0. 0.      2.0800e+00
      666        6561      2.6440e+02   0. 0. 	-1.5397e+01 0. 0.      3.5400e+00
      667        6580      2.6562e+02   0. 0. 	-3.9029e+01 0. 0.      2.4100e+00
      668        6581      2.6535e+02   0. 0. 	-1.2874e+01 0. 0.      4.2600e+00
      669        6582      2.6643e+02   0. 0. 	-6.4723e+01 0. 0.      3.6200e+00
      670        6588      2.6487e+02   0. 0. 	 4.6006e+01 0. 0.      3.8000e+00
      671        6603      2.6587e+02   0. 0. 	 4.5650e+00 0. 0.      2.7700e+00
      672        6615      2.6690e+02   0. 0. 	-4.0126e+01 0. 0.      3.0300e+00
      673        6623      2.6662e+02   0. 0. 	 2.7731e+01 0. 0.      3.4200e+00
      674        6629      2.6697e+02   0. 0. 	 2.7082e+00 0. 0.      3.7500e+00
      675        6630      2.6746e+02   0. 0. 	-3.7044e+01 0. 0.      3.2100e+00
      676        6688      2.6838e+02   0. 0. 	 5.6872e+01 0. 0.      3.7500e+00
      677        6695      2.6906e+02   0. 0. 	 3.7250e+01 0. 0.      3.8600e+00
      678        6698      2.6976e+02   0. 0. 	-9.7718e+00 0. 0.      3.3400e+00
      679        6703      2.6944e+02   0. 0. 	 2.9248e+01 0. 0.      3.7000e+00
      680        6705      2.6915e+02   0. 0. 	 5.1489e+01 0. 0.      2.2300e+00
      681        6707      2.6963e+02   0. 0. 	 3.0189e+01 0. 0.      4.4100e+00
      682        6714      2.7016e+02   0. 0. 	 2.9317e+00 0. 0.      3.9700e+00
      683        6723      2.7044e+02   0. 0. 	 1.3054e+00 0. 0.      4.4500e+00
      684        6743      2.7166e+02   0. 0. 	-5.0091e+01 0. 0.      3.6600e+00
      685        6745      2.7214e+02   0. 0. 	-6.3666e+01 0. 0.      4.3500e+00
      686        6746      2.7145e+02   0. 0. 	-3.0421e+01 0. 0.      2.9900e+00
      687        6752      2.7136e+02   0. 0. 	 2.5147e+00 0. 0.      4.0300e+00
      688        6771      2.7184e+02   0. 0. 	 9.5626e+00 0. 0.      3.7300e+00
      689        6779      2.7189e+02   0. 0. 	 2.8762e+01 0. 0.      3.8300e+00
      690        6787      2.7219e+02   0. 0. 	 2.0815e+01 0. 0.      4.3600e+00
      691        6789      2.6305e+02   0. 0. 	 8.6586e+01 0. 0.      4.3600e+00
      692        6812      2.7344e+02   0. 0. 	-2.1059e+01 0. 0.      3.8600e+00
      693        6832      2.7441e+02   0. 0. 	-3.6759e+01 0. 0.      3.1100e+00
      694        6855      2.7581e+02   0. 0. 	-6.1494e+01 0. 0.      4.3600e+00
      695        6859      2.7525e+02   0. 0. 	-2.9827e+01 0. 0.      2.7000e+00
      696        6869      2.7534e+02   0. 0. 	-2.8887e+00 0. 0.      3.2600e+00
      697        6872      2.7497e+02   0. 0. 	 3.6064e+01 0. 0.      4.3300e+00
      698        6879      2.7604e+02   0. 0. 	-3.4383e+01 0. 0.      1.8500e+00
      699        6895      2.7592e+02   0. 0. 	 2.1773e+01 0. 0.      3.8400e+00
      700        6897      2.7674e+02   0. 0. 	-4.5967e+01 0. 0.      3.5100e+00
      701        6905      2.7720e+02   0. 0. 	-4.9067e+01 0. 0.      4.1300e+00
      702        6913      2.7699e+02   0. 0. 	-2.5419e+01 0. 0.      2.8100e+00
      703        6920      2.7519e+02   0. 0. 	 7.1337e+01 0. 0.      4.2200e+00
      704        6927      2.7524e+02   0. 0. 	 7.2738e+01 0. 0.      3.5700e+00
      705        6973      2.7880e+02   0. 0. 	-8.2396e+00 0. 0.      3.8500e+00
      706        6982      2.8076e+02   0. 0. 	-7.1426e+01 0. 0.      4.0100e+00
      707        7001      2.7923e+02   0. 0. 	 3.8780e+01 0. 0.      3.0000e-02
      708        7039      2.8141e+02   0. 0. 	-2.6991e+01 0. 0.      3.1700e+00
      709        7056      2.8119e+02   0. 0. 	 3.7605e+01 0. 0.      4.3600e+00
      710        7061      2.8142e+02   0. 0. 	 2.0551e+01 0. 0.      4.1900e+00
      711        7063      2.8179e+02   0. 0. 	-4.7475e+00 0. 0.      4.2200e+00
      712        7069      2.8175e+02   0. 0. 	 1.8180e+01 0. 0.      4.3600e+00
      713        7074      2.8305e+02   0. 0. 	-6.2187e+01 0. 0.      4.2200e+00
      714        7106      2.8252e+02   0. 0. 	 3.3363e+01 0. 0.      3.4500e+00
      715        7107      2.8424e+02   0. 0. 	-6.7234e+01 0. 0.      4.4400e+00
      716        7121      2.8382e+02   0. 0. 	-2.6296e+01 0. 0.      2.0200e+00
      717        7139      2.8363e+02   0. 0. 	 3.6898e+01 0. 0.      4.3000e+00
      718        7150      2.8443e+02   0. 0. 	-2.1106e+01 0. 0.      3.5100e+00
      719        7157      2.8383e+02   0. 0. 	 4.3945e+01 0. 0.      4.0400e+00
      720        7176      2.8491e+02   0. 0. 	 1.5069e+01 0. 0.      4.0200e+00
      721        7178      2.8474e+02   0. 0. 	 3.2689e+01 0. 0.      3.2400e+00
      722        7193      2.8542e+02   0. 0. 	-5.7384e+00 0. 0.      4.0200e+00
      723        7194      2.8565e+02   0. 0. 	-2.9880e+01 0. 0.      2.6000e+00
      724        7217      2.8617e+02   0. 0. 	-2.1741e+01 0. 0.      3.7700e+00
      725        7234      2.8674e+02   0. 0. 	-2.7678e+01 0. 0.      3.3200e+00
      726        7235      2.8635e+02   0. 0. 	 1.3865e+01 0. 0.      2.9900e+00
      727        7236      2.8656e+02   0. 0. 	-4.8809e+00 0. 0.      3.4400e+00
      728        7254      2.8737e+02   0. 0. 	-3.7903e+01 0. 0.      4.1100e+00
      729        7259      2.8751e+02   0. 0. 	-3.9340e+01 0. 0.      4.1100e+00
      730        7264      2.8744e+02   0. 0. 	-2.1023e+01 0. 0.      2.8900e+00
      731        7298      2.8844e+02   0. 0. 	 3.9146e+01 0. 0.      4.3900e+00
      732        7310      2.8814e+02   0. 0. 	 6.7660e+01 0. 0.      3.0700e+00
      733        7314      2.8909e+02   0. 0. 	 3.8134e+01 0. 0.      4.3600e+00
      734        7328      2.8927e+02   0. 0. 	 5.3367e+01 0. 0.      3.7700e+00
      735        7337      2.9066e+02   0. 0. 	-4.4459e+01 0. 0.      4.0100e+00
      736        7340      2.9042e+02   0. 0. 	-1.7847e+01 0. 0.      3.9300e+00
      737        7343      2.9080e+02   0. 0. 	-4.4799e+01 0. 0.      4.2900e+00
      738        7348      2.9097e+02   0. 0. 	-4.0614e+01 0. 0.      3.9700e+00
      739        7352      2.8889e+02   0. 0. 	 7.3354e+01 0. 0.      4.4500e+00
      740        7377      2.9137e+02   0. 0. 	 3.1136e+00 0. 0.      3.3600e+00
      741        7405      2.9218e+02   0. 0. 	 2.4666e+01 0. 0.      4.4400e+00
      742        7417      2.9268e+02   0. 0. 	 2.7959e+01 0. 0.      3.0800e+00
      743        7420      2.9243e+02   0. 0. 	 5.1728e+01 0. 0.      3.7900e+00
      744        7429      2.9352e+02   0. 0. 	 7.3812e+00 0. 0.      4.4500e+00
      745        7447      2.9418e+02   0. 0. 	-1.2860e+00 0. 0.      4.3600e+00
      746        7469      2.9411e+02   0. 0. 	 5.0217e+01 0. 0.      4.4800e+00
      747        7479      2.9502e+02   0. 0. 	 1.8014e+01 0. 0.      4.3700e+00
      748        7488      2.9526e+02   0. 0. 	 1.7476e+01 0. 0.      4.3700e+00
      749        7525      2.9656e+02   0. 0. 	 1.0613e+01 0. 0.      2.7200e+00
      750        7528      2.9624e+02   0. 0. 	 4.5130e+01 0. 0.      2.8700e+00
      751        7536      2.9685e+02   0. 0. 	 1.8534e+01 0. 0.      3.8200e+00
      752        7557      2.9769e+02   0. 0. 	 8.8630e+00 0. 0.      7.7000e-01
      753        7564      2.9764e+02   0. 0. 	 3.2915e+01 0. 0.      4.2300e+00
      754        7570      2.9812e+02   0. 0. 	 1.0057e+00 0. 0.      3.9000e+00
      755        7581      2.9881e+02   0. 0. 	-4.1869e+01 0. 0.      4.1300e+00
      756        7582      2.9704e+02   0. 0. 	 7.0267e+01 0. 0.      3.8300e+00
      757        7590      3.0014e+02   0. 0. 	-7.2909e+01 0. 0.      3.9600e+00
      758        7602      2.9883e+02   0. 0. 	 6.4135e+00 0. 0.      3.7100e+00
      759        7615      2.9908e+02   0. 0. 	 3.5084e+01 0. 0.      3.8900e+00
      760        7623      2.9993e+02   0. 0. 	-3.5276e+01 0. 0.      4.3700e+00
      761        7635      2.9969e+02   0. 0. 	 1.9492e+01 0. 0.      3.4700e+00
      762        7665      3.0214e+02   0. 0. 	-6.6166e+01 0. 0.      3.5600e+00
      763        7710      3.0283e+02   0. 0. 	-8.2145e-01 0. 0.      3.2300e+00
      764        7735      3.0341e+02   0. 0. 	 4.6741e+01 0. 0.      3.7900e+00
      765        7740      3.0335e+02   0. 0. 	 5.6566e+01 0. 0.      4.3000e+00
      766        7747      3.0441e+02   0. 0. 	-1.2508e+01 0. 0.      4.2400e+00
      767        7750      3.0222e+02   0. 0. 	 7.7711e+01 0. 0.      4.3900e+00
      768        7751      3.0387e+02   0. 0. 	 4.7714e+01 0. 0.      3.9800e+00
      769        7754      3.0451e+02   0. 0. 	-1.2545e+01 0. 0.      3.5700e+00
      770        7776      3.0525e+02   0. 0. 	-1.4781e+01 0. 0.      3.0800e+00
      771        7790      3.0641e+02   0. 0. 	-5.6734e+01 0. 0.      1.9400e+00
      772        7796      3.0556e+02   0. 0. 	 4.0257e+01 0. 0.      2.2000e+00
      773        7806      3.0596e+02   0. 0. 	 3.2190e+01 0. 0.      4.4300e+00
      774        7834      3.0735e+02   0. 0. 	 3.0368e+01 0. 0.      4.0100e+00
      775        7850      3.0739e+02   0. 0. 	 6.2994e+01 0. 0.      4.2200e+00
      776        7852      3.0830e+02   0. 0. 	 1.1304e+01 0. 0.      4.0300e+00
      777        7869      3.0939e+02   0. 0. 	-4.7292e+01 0. 0.      3.1100e+00
      778        7882      3.0939e+02   0. 0. 	 1.4596e+01 0. 0.      3.6300e+00
      779        7884      3.0958e+02   0. 0. 	-1.1048e+00 0. 0.      4.3200e+00
      780        7906      3.0991e+02   0. 0. 	 1.5912e+01 0. 0.      3.7700e+00
      781        7913      3.1124e+02   0. 0. 	-6.6203e+01 0. 0.      3.4200e+00
      782        7924      3.1036e+02   0. 0. 	 4.5280e+01 0. 0.      1.2500e+00
      783        7928      3.1087e+02   0. 0. 	 1.5075e+01 0. 0.      4.4300e+00
      784        7936      3.1152e+02   0. 0. 	-2.5269e+01 0. 0.      4.1400e+00
      785        7942      3.1142e+02   0. 0. 	 3.0719e+01 0. 0.      4.2200e+00
      786        7948      3.1167e+02   0. 0. 	 1.6127e+01 0. 0.      4.2700e+00
      787        7949      3.1155e+02   0. 0. 	 3.3966e+01 0. 0.      2.4600e+00
      788        7950      3.1192e+02   0. 0. 	-9.4951e+00 0. 0.      3.7700e+00
      789        7951      3.1193e+02   0. 0. 	-5.0269e+00 0. 0.      4.4200e+00
      790        7957      3.1132e+02   0. 0. 	 6.1827e+01 0. 0.      3.4300e+00
      791        7980      3.1296e+02   0. 0. 	-2.6919e+01 0. 0.      4.1100e+00
      792        7986      3.1370e+02   0. 0. 	-5.8453e+01 0. 0.      3.6500e+00
      793        8028      3.1429e+02   0. 0. 	 4.1167e+01 0. 0.      3.9400e+00
      794        8075      3.1649e+02   0. 0. 	-1.7232e+01 0. 0.      4.0700e+00
      795        8079      3.1623e+02   0. 0. 	 4.3928e+01 0. 0.      3.7200e+00
      796        8115      3.1823e+02   0. 0. 	 3.0228e+01 0. 0.      3.2000e+00
      797        8123      3.1862e+02   0. 0. 	 1.0011e+01 0. 0.      4.4900e+00
      798        8130      3.1870e+02   0. 0. 	 3.8039e+01 0. 0.      3.7200e+00
      799        8131      3.1896e+02   0. 0. 	 5.2491e+00 0. 0.      3.9200e+00
      800        8140      3.1996e+02   0. 0. 	-5.3448e+01 0. 0.      4.3900e+00
      801        8143      3.1935e+02   0. 0. 	 3.9395e+01 0. 0.      4.2300e+00
      802        8146      3.1948e+02   0. 0. 	 3.4897e+01 0. 0.      4.4300e+00
      803        8162      3.1964e+02   0. 0. 	 6.2585e+01 0. 0.      2.4400e+00
      804        8167      3.2056e+02   0. 0. 	-1.6834e+01 0. 0.      4.2800e+00
      805        8173      3.2052e+02   0. 0. 	 1.9804e+01 0. 0.      4.0800e+00
      806        8181      3.2161e+02   0. 0. 	-6.5377e+01 0. 0.      4.2200e+00
      807        8204      3.2167e+02   0. 0. 	-2.2411e+01 0. 0.      3.7400e+00
      808        8232      3.2289e+02   0. 0. 	-5.5708e+00 0. 0.      2.9100e+00
      809        8238      3.2216e+02   0. 0. 	 7.0561e+01 0. 0.      3.2300e+00
      810        8252      3.2350e+02   0. 0. 	 4.5593e+01 0. 0.      4.0200e+00
      811        8254      3.2537e+02   0. 0. 	-7.7387e+01 0. 0.      3.7600e+00
      812        8278      3.2502e+02   0. 0. 	-1.6662e+01 0. 0.      3.6800e+00
      813        8305      3.2624e+02   0. 0. 	-3.3024e+01 0. 0.      4.3400e+00
      814        8308      3.2605e+02   0. 0. 	 9.8749e+00 0. 0.      2.3900e+00
      815        8313      3.2613e+02   0. 0. 	 1.7350e+01 0. 0.      4.3400e+00
      816        8315      3.2616e+02   0. 0. 	 2.5645e+01 0. 0.      4.1300e+00
      817        8316      3.2588e+02   0. 0. 	 5.8780e+01 0. 0.      4.0800e+00
      818        8322      3.2676e+02   0. 0. 	-1.6123e+01 0. 0.      2.8700e+00
      819        8334      3.2636e+02   0. 0. 	 6.1121e+01 0. 0.      4.2900e+00
      820        8335      3.2670e+02   0. 0. 	 4.9309e+01 0. 0.      4.2300e+00
      821        8353      3.2848e+02   0. 0. 	-3.7364e+01 0. 0.      3.0100e+00
      822        8368      3.2948e+02   0. 0. 	-5.4993e+01 0. 0.      4.4000e+00
      823        8411      3.3153e+02   0. 0. 	-3.9541e+01 0. 0.      4.4600e+00
      824        8414      3.3145e+02   0. 0. 	-3.1962e-01 0. 0.      2.9600e+00
      825        8417      3.3094e+02   0. 0. 	 6.4627e+01 0. 0.      4.2900e+00
      826        8418      3.3161e+02   0. 0. 	-1.3869e+01 0. 0.      4.2700e+00
      827        8425      3.3206e+02   0. 0. 	-4.6959e+01 0. 0.      1.7400e+00
      828        8430      3.3175e+02   0. 0. 	 2.5345e+01 0. 0.      3.7600e+00
      829        8450      3.3255e+02   0. 0. 	 6.1975e+00 0. 0.      3.5300e+00
      830        8454      3.3250e+02   0. 0. 	 3.3178e+01 0. 0.      4.2900e+00
      831        8465      3.3271e+02   0. 0. 	 5.8201e+01 0. 0.      3.3500e+00
      832        8485      3.3347e+02   0. 0. 	 3.9714e+01 0. 0.      4.4900e+00
      833        8494      3.3375e+02   0. 0. 	 5.7043e+01 0. 0.      4.1900e+00
      834        8498      3.3399e+02   0. 0. 	 3.7749e+01 0. 0.      4.1300e+00
      835        8499      3.3421e+02   0. 0. 	-7.7829e+00 0. 0.      4.1600e+00
      836        8502      3.3463e+02   0. 0. 	-6.0259e+01 0. 0.      2.8600e+00
      837        8518      3.3541e+02   0. 0. 	-1.3873e+00 0. 0.      3.8400e+00
      838        8538      3.3589e+02   0. 0. 	 5.2232e+01 0. 0.      4.4300e+00
      839        8540      3.3683e+02   0. 0. 	-6.4966e+01 0. 0.      4.4800e+00
      840        8556      3.3732e+02   0. 0. 	-4.3495e+01 0. 0.      3.9700e+00
      841        8559      3.3721e+02   0. 0. 	-2.0490e-02 0. 0.      4.4200e+00
      842        8560      3.3744e+02   0. 0. 	-4.3749e+01 0. 0.      4.1100e+00
      843        8571      3.3729e+02   0. 0. 	 5.8415e+01 0. 0.      3.7500e+00
      844        8572      3.3738e+02   0. 0. 	 4.7707e+01 0. 0.      4.3600e+00
      845        8576      3.3788e+02   0. 0. 	-3.2346e+01 0. 0.      4.2900e+00
      846        8585      3.3782e+02   0. 0. 	 5.0282e+01 0. 0.      3.7700e+00
      847        8597      3.3884e+02   0. 0. 	-1.1659e-01 0. 0.      4.0200e+00
      848        8628      3.4016e+02   0. 0. 	-2.7043e+01 0. 0.      4.1700e+00
      849        8630      3.4152e+02   0. 0. 	-8.1382e+01 0. 0.      4.1500e+00
      850        8632      3.4013e+02   0. 0. 	 4.4276e+01 0. 0.      4.4600e+00
      851        8634      3.4036e+02   0. 0. 	 1.0831e+01 0. 0.      3.4000e+00
      852        8636      3.4066e+02   0. 0. 	-4.6885e+01 0. 0.      2.1000e+00
      853        8650      3.4075e+02   0. 0. 	 3.0221e+01 0. 0.      2.9400e+00
      854        8665      3.4167e+02   0. 0. 	 1.2180e+01 0. 0.      4.1900e+00
      855        8667      3.4163e+02   0. 0. 	 2.3566e+01 0. 0.      3.9500e+00
      856        8675      3.4214e+02   0. 0. 	-5.1316e+01 0. 0.      3.4900e+00
      857        8679      3.4240e+02   0. 0. 	-1.3592e+01 0. 0.      4.0100e+00
      858        8684      3.4250e+02   0. 0. 	 2.4602e+01 0. 0.      3.4800e+00
      859        8694      3.4242e+02   0. 0. 	 6.6202e+01 0. 0.      3.5200e+00
      860        8695      3.4313e+02   0. 0. 	-3.2875e+01 0. 0.      4.4600e+00
      861        8698      3.4315e+02   0. 0. 	-7.5799e+00 0. 0.      3.7400e+00
      862        8709      3.4366e+02   0. 0. 	-1.5820e+01 0. 0.      3.2700e+00
      863        8720      3.4399e+02   0. 0. 	-3.2540e+01 0. 0.      4.2100e+00
      864        8728      3.4441e+02   0. 0. 	-2.9620e+01 0. 0.      1.1600e+00
      865        8747      3.4522e+02   0. 0. 	-5.2754e+01 0. 0.      4.1200e+00
      866        8762      3.4548e+02   0. 0. 	 4.2326e+01 0. 0.      3.6200e+00
      867        8775      3.4594e+02   0. 0. 	 2.8081e+01 0. 0.      2.4200e+00
      868        8781      3.4619e+02   0. 0. 	 1.5206e+01 0. 0.      2.4900e+00
      869        8787      3.4672e+02   0. 0. 	-4.3520e+01 0. 0.      4.2800e+00
      870        8789      3.4667e+02   0. 0. 	-2.3743e+01 0. 0.      4.4700e+00
      871        8812      3.4736e+02   0. 0. 	-2.1173e+01 0. 0.      3.6600e+00
      872        8819      3.4697e+02   0. 0. 	 7.5388e+01 0. 0.      4.4100e+00
      873        8820      3.4759e+02   0. 0. 	-4.5246e+01 0. 0.      3.9000e+00
      874        8834      3.4858e+02   0. 0. 	-6.0460e+00 0. 0.      4.2200e+00
      875        8841      3.4897e+02   0. 0. 	-9.0872e+00 0. 0.      4.2100e+00
      876        8848      3.4936e+02   0. 0. 	-5.8237e+01 0. 0.      3.9900e+00
      877        8852      3.4928e+02   0. 0. 	 3.2819e+00 0. 0.      3.6900e+00
      878        8858      3.4948e+02   0. 0. 	-9.1820e+00 0. 0.      4.3900e+00
      879        8863      3.4971e+02   0. 0. 	-3.2531e+01 0. 0.      4.4100e+00
      880        8892      3.5074e+02   0. 0. 	-2.0099e+01 0. 0.      3.9700e+00
      881        8905      3.5134e+02   0. 0. 	 2.3404e+01 0. 0.      4.4000e+00
      882        8906      3.5151e+02   0. 0. 	-2.0641e+01 0. 0.      4.3900e+00
      883        8916      3.5199e+02   0. 0. 	 6.3795e+00 0. 0.      4.2800e+00
      884        8937      3.5324e+02   0. 0. 	-3.7819e+01 0. 0.      4.3700e+00
      885        8961      3.5439e+02   0. 0. 	 4.6464e+01 0. 0.      3.8200e+00
      886        8965      3.5453e+02   0. 0. 	 4.3268e+01 0. 0.      4.2900e+00
      887        8969      3.5498e+02   0. 0. 	 5.6322e+00 0. 0.      4.1300e+00
      888        8974      3.5484e+02   0. 0. 	 7.7630e+01 0. 0.      3.2100e+00
      889        8976      3.5510e+02   0. 0. 	 4.4334e+01 0. 0.      4.1400e+00
      890        8988      3.5568e+02   0. 0. 	-1.4544e+01 0. 0.      4.4900e+00
      891        9072      3.5983e+02   0. 0. 	 6.8649e+00 0. 0.      4.0100e+00
      892        9089      4.8910e-01   0. 0. 	-6.0132e+00 0. 0.      4.4100e+00
